241768539573924186896531742734295618189476325652813497465382971327159864918647253
329654178745183692168972534257846319634219785981537246573468921896721453412395867
178243596529671438346859712432718659967325841851496273285934167713562984694187325
893745216145862397672319584769254138428931765531678429214596873987423651356187942
719623548652418973438957126925861734841732695367549281183275469296184357574396812
765942831234178956198536724476381295859264317312795648947653182523817469681429573
743682951965173482812954736357896124628431579491725863239518647574269318186347295
461728935923145687785396124178964352249513876356287491892471563634852719517639248
437285619182469753965371428691827534723954186548136297216798345854613972379542861
182965347597423186436718952613274598925831674748596213254389761871652439369147825
923874615184536279756921348518769423369412587472385961847253196695148732231697854
762148953918735426543629178256971384431582697897463215124357869379816542685294731
821734965375698124694215387968357412417982536532146798789563241243871659156429873
243579816189326754756481239561832497894715362327694581678943125932157648415268973
486951237192376854735842169271568493954213786368794512549137628623485971817629345
982513647763842195514769382641295738895137264237684519356428971178956423429371856
571396248326854179489712635743285961268941753915637824694123587152478396837569412
856247193921683547374951628687194352512376984439825716295768431743512869168439275
578943216293168745416275983367524891829617534154839672735486129941752368682391457
956128437127534986348769125739286541584371692261495378875913264492657813613842759
396457281128369547754281639913624875685713924472895316547932168269148753831576492
294631785153827946876594132387152694465389271912476358639248517728915463541763829
167958342954632781328741659682173594519264837743589216876495123431826975295317468
374869125829415376651723489285146937913257864746938251468371592532694718197582643
983764512762185934514932768627859341835241697491376825279513486156498273348627159
625138974739246815841795362987524136153867429264319587498671253572983641316452798
691248537475631982328759146514823679269174853783965214937512468142386795856497321
583642719124897563796135824851964372467283951239751648915478236672319485348526197
872594613461283975593716842159372486347865291286941537628437159714659328935128764
347218569829356471615974238461792853582431697973865142194587326758623914236149785
651732489248659317397814526485971263739268154126543798562487931914326875873195642
243517869867329145519486327658274913972163458431895276785941632324658791196732584
849675132716832495352149876235497618967281543481356927693524781524718369178963254
937465182124893576856271934495736218261548793378912465789354621643129857512687349
825697431631482795794531268163954872479218356582763914216879543958346127347125689
594386217186427953327519486251678349943251768678934125432765891715892634869143572
173849625294536178685172493947613582831295764526487931419728356752364819368951247
398426157261375489457189236982654371746813592135792648829531764613947825574268913
963857214541329876728614935235781469814963752679542381482175693356498127197236548
283576914176934258954182736849351672732468591561297843398615427417829365625743189
756294831914835762238617594895372146463951287127468359589126473341789625672543918
745613289819274653623985417238167945176549832594832761961758324487321596352496178
917425386532698174486731925129876453853214697764953812291347568645182739378569241
845961327193287654267354189619532748534876291782149563958613472376428915421795836
849652713571398264263471859157946382394285671628137495912863547485729136736514928
648751293152938674937426518289673145564189327371245869826597431495312786713864952
567439128293158674148627935912786453836514792754392861379241586621875349485963217
897561324642937581315428679263184795574293168189756432756849213438612957921375846
735689124421735968869412537146827359358964271972153846214396785683571492597248613
143962578729845631658137294972386145836451729514279863465798312381624957297513486
876329145931564782254187693593746821682913574147258936725491368318672459469835217
678925413519473628243168957421687539386519274795342186157894362864231795932756841
861397254294651837573428961716983542438572619952164783187236495325849176649715328
128475963765913248493268715389741652247659381516382479631897524872534196954126837
789653124435219768126487935813794652964325871572861493358176249297548316641932587
951278346243619587768453129487391652326745918519826473695182734834567291172934865
319278546852461397674539128783652419296143875145897632437985261561724983928316754
632781954971524386485369712529136847843975261716248593264897135358412679197653428
712543869894672135635819472576284913349157628281396547967438251128765394453921786
328476915674591823915238467586329741742815639193647582251984376839762154467153298
549718362617532894382469571798623145153947286426185937265894713931276458874351629
561348792429671358783295416947852163312967845856134279134526987275489631698713524
624851973351947862879623514218574639596138247743296158987315426132469785465782391
268541379749823561315796428421369857653478192897215643174682935936157284582934716
795681342638472519412593687824316975956748123371925864263154798589267431147839256
492863517685127493713954268148675932527398146936241875371589624259436781864712359
453619278786254319291738645632591784879426153514387926965872431347165892128943567
135487629469213758782596314528674931947351862613928547271835496394762185856149273
187453629635892471942671538524187963796324185813965247351248796479536812268719354
239714586516298347748356291623947158975183624481625739197832465364579812852461973
736528194129374568854619273293756841587241639641893752918467325475132986362985417
795423186634198572182765493426817359857239614913546728378954261561382947249671835
968254713312978564754361892491726358236185479875493621187639245529847136643512987
154329768682574193973618254368295471429137685715846932246783519531962847897451326
296475381481392756357168429942716835578923614163854297614289573839547162725631948
162843597839576421745912863293467185617285934458391276986134752324759618571628349
762154938395876241148932657687519324921643785534287169276495813853721496419368572
275163489183429567946578321462897135857231694319654872734985216528716943691342758
723198456948625731516473892287961345651734289439582167364257918175849623892316574
798534612245691837316827495482763951569218743173945268951472386824356179637189524
148367295375192846269845137651928374937514628482736951826453719513679482794281563
578961432614832795932475618761523984893147256425698173147356829386219547259784361
549763812137248596862159743681925374924317658753684921496531287378492165215876439
892746153731925486465138297519683742247519638386274915953467821628391574174852369
762489153948315267135672984274953618613248579589761342896124735421537896357896421
486327519712549683359168742967213458528694137143785926835971264294856371671432895
416823759923576418587491236872315964391647825645289173269738541134952687758164392
239678415418952367657314289871436592963285174524791638792563841385147926146829753
982567134146983527735421968524316879861792345397854216653179482478235691219648753
841269573625347198937158462298573641563914827714826935179682354456731289382495716
723948516546713829198562734457326981389175462261489375834691257912857643675234198
726413589849526137351798264162875943937264815485931672518342796673159428294687351
178425369926738154534196728691257843852314697347689512285963471769841235413572986
317624589865973142492185376759246831128357964643891725984532617571468293236719458
928476513156389427374512869537248691862951374419637285785123946293764158641895732
294138657357246918186795234749823561863517429521964783438659172915372846672481395
125378649873649251469251837546782193392416785718593462954827316231964578687135924
842563917735912864691748253418379625563281479279654381384125796957836142126497538
687194235429538176315627948574982361832416597961753482158379624743265819296841753
198726543246835179537914826782149635413657982965382417351298764629471358874563291
193854276574926183826173594312689457659417832748532961481765329937248615265391748
175286934348591762296347815487963251923175486651428379764859123819632547532714698
894153627637289541215764398389627154176548239452931876963875412748312965521496783
913482657586971234724536891875364912391258746462719385259847163138625479647193528
365479281421835976798612534819347625654298713273156498142763859586921347937584162
184625379763984215259713468875392146926148537431576892392457681618239754547861923
913687254546293817287154639825469173479321568631875492192538746358746921764912385
853769124276413598941852367124685973385297416769134285492576831638941752517328649
462381597758296341931547682687453219245169873193728465529674138816932754374815926
732598641489162753165473289623815974874936125591247836218359467956784312347621598
687534219529716348431829576256187493748392651913465827175643982394278165862951734
487615932162983457359247681574821369691534728823769514918376245235498176746152893
167825349523964817489137625634782951712596438958413762341279586875641293296358174
356974281917682534842531769578423196129768453634159827261897345485316972793245618
128695473375428169649317528916234857283756941457189632791542386532861794864973215
562197843789234651413865297638951472175423986924678315356789124847312569291546738
892365741631247859754819236413576982267984315985132674549728163176493528328651497
597268134614357892238149765149785623385692471762431958921873546453916287876524319
532984671978163245164275893625391784781426539493758126357819462819642357246537918
691458723274936851583721649769513284425879316138642975846295137917384562352167498
536472198194836752872591346617285934458319627923764581249657813365148279781923465
269541738843276951157893264634129587728465193915387426492618375381752649576934812
489712365672359481135864279268193547953427618741586923826931754597648132314275896
542736891389451627176982354291345768865127439734698512927863145413579286658214973
467281395125936784389475621874312569691548273253697148536824917742159836918763452
692385741514927368738461925845732619971856432263194587459618273386279154127543896
136279845894531627275846913681953274943762581527184396752618439369427158418395762
578139642964752183123684957649318275251947368387265419892471536716523894435896721
487693512139527648562418397918756423623984751754132986296875134341269875875341269
573649218261837945849125376935264781614798532728513694186972453357486129492351867
452613987398457126176829534985762341617348259234591678543986712729134865861275493
946581723137246985852379641591728364364915872278634519783192456629457138415863297
914682753627395184835417629542976318386241597791853246159768432473129865268534971
759614328634278195812359647375162984941783256268945713527431869186597432493826571
912386745764125938385947126421879653673254891598631472156793284849512367237468519
738165249952874361146392785471253896893416527265987134329741658687529413514638972
387261945246957138951483672865734291712598364493612857634125789529876413178349526
562493817719826453438715692345968271987132546126574389893241765651387924274659138
937628541418795263625314978346179825281543697759286134594867312173952486862431759
312867954697415238854293176938742615571936482246158793723689541489521367165374829
541279386893645217276813594624138975387952461915764823469581732752396148138427659
925384716837261495614597832183729654542638179796145328451976283278453961369812547
168759324297314568453862179324176985719485632586293741931648257872531496645927813
143852679597416328628397541781643295934275816256981437365729184872164953419538762
536798214821453976794162583615937842389241765247586139173625498962874351458319627
271456389635978412489312567962783145518649723743521896854267931327194658196835274
534629817978341526126785934451897362762153498389264175615432789893576241247918653
395617824187342695264958317546289173923174568871563942652731489439826751718495236
698275341247139658513864972736521894154986723982743516329617485471358269865492137
217395486684127359395684217871536942536942871942718635729853164163479528458261793
324716958769582143581349276276891435138254697945673821892137564657428319413965782
831247965542963718697158342965731284728495136314682597253814679479326851186579423
821645739694837512537129468346572981278961354915483627462758193153294876789316245
256198473843675129179432568915827634764351892382946715637284951598713246421569387
613945827987321654245768931752483169461259378839617245596134782378592416124876593
472698135659731248831245697286954713395172864714863952963427581147589326528316479
154396728923587416768241593416729835572138964839654271641975382387462159295813647
934681572265739148718524639176293485423857916859416327342975861697148253581362794
419786523526139487387245961698571234745328619132964875963412758874653192251897346
345682719876419235912537846264375198759168423183294657537821964491756382628943571
541298367278364195369175248823651479457982631916437852784513926192746583635829714
241597863539816724876342591327459618415628379968731452782164935693285147154973286
128467395937152846456983712791248563584396271362715984213679458675824139849531627
657891423384752691921463875579624318832915764416387259768139542293546187145278936
826174953794563182531892764683729541952641378147358296278415639415936827369287415
631578249489261753527394618754136892362859174198742365915623487276485931843917526
129736854375814629684295173263451987497628531851973462716389245538142796942567318
649251783523678419187394625392846157876915342415732968754183296961527834238469571
186932457324576981579184263893725146417863592265419738752698314641357829938241675
821359467759614328364728591492573186173862954685491732938146275516237849247985613
715628349963451782248973615324716598681395427579284163152847936837169254496532871
946573281325418697871629543284136759763895124519742836137254968458961372692387415
917648532643925781258371946124536897895714623736892154482169375571283469369457218
736149528489725136152863794528637941364951287917482653241578369693214875875396412
532418976164975832789236514658129743241387659973654128895742361416593287327861495
297386541384159267156427839425693178739814625861275493942531786578962314613748952
726154839315892746984376215852917364679438521431625987567243198298761453143589672
751628493923547816486139752237914685569872134148365927874293561315786249692451378
179382465264795183835146927526834791798651342341279856983527614657418239412963578
786491235254738691913526784521873469437965812869214357678152943142389576395647128
289543716571862349634179852862754931195326487743918625927431568418695273356287194
249538176513764298678912435482176953196253784735849612327495861954681327861327549
516249738327685491498713526739561842281374965654928173165437289842196357973852614
179528643326174985845963721654289137938751264712346859597632418463817592281495376
374569281521487639869312475693148527748235196215976348482751963956823714137694852
874129653629435178315876294492658731563791482781243569947362815238517946156984327
691375428743218569825469713418623957537941682962587134159834276284756391376192845
825739461413652987697148352134286579569417823278395146346571298781924635952863714
473825916518679423962143875246718359739256184185394267691532748824967531357481692
923651874146798352758432196384975621297816543561324789475263918612589437839147265
417682395853179642629453871368295714541768923972341568135927486296834157784516239
846935172972186354531724689729653418685417293413298567298541736164379825357862941
423578619697142385158396742374621958562839471981754263235487196719265834846913527
975821436162943785384567219723654198619382547458179623297436851836215974541798362
176295834589346172324781569618974325257638491943152786862513947491827653735469218
781392546423657981956148372248735619637921458195864237572486193869513724314279865
736518492584692137219473658897341526345269781162785349421836975953127864678954213
782659341351487269496321587843172695679845123125936874937568412264713958518294736
387421596249568713516379842925136478863947125174852639692784351431695287758213964
946351872823497156517286394239745681761823549485169723152938467398674215674512938
263451897198627453754938216581379642476512938932864571815243769349786125627195384
583491726714562389962387541135879462826134975479256138247918653651723894398645217
763124985489756132152893467328641759675289341941537628234918576517362894896475213
367125984459386712182794536216458397748239651935617428873941265524863179691572843
629743581415826379387159246752934168163278495948615732536481927294567813871392654
649275831718394562325618749284537196971462385563981427456723918132859674897146253
315249678647835291829671354591328467738564129264197835172456983983712546456983712
269518374378642519451397286816429753793156842524783691682971435147235968935864127
982347615437516829156298473763459182518623794294781356679835241321974568845162937
968745231174832695325196784851429367296317458743658129519273846637584912482961573
259431786147856293638792541382679154975184632416523879821345967764918325593267418
738916452146235789592478613367129845259784361481563927824357196975641238613892574
942153678538976124167428359275684913483791562619532847896245731721369485354817296
236194857187256943594378216629435178871629435453781629962547381315862794748913562
573918426941562387826473159714659832239784615685231974458197263397826541162345798
168235479347918256295467138514789623629143785873652941752396814981524367436871592
423576981687913254159824673316298745845167329792435168968741532274359816531682497
694581372127346895835729416579864231416253789382197564743915628251678943968432157
195684237348721965762593814423918576671352498859467123284136759537249681916875342
851793624247615398936284751714928563369547812528136479682359147495871236173462985
439852167186397524752416983273149856918675432645283719397561248821734695564928371
498527316135649872762813495679485231281736549354291687916358724847162953523974168
261498537543726918879531462786215349435679281912843675157362894324987156698154723
258169743394287651167345829649538217821674395735912468983456172516723984472891536
341859726268147395975362841187425963423691578659738412536914287714283659892576134
234657819685912437791348526142579683573286194869134752928761345316495278457823961
597413628182569347364728195871345269629871534435296871248657913713982456956134782
471592638239678514586431792397245861654187329128369475842716953713954286965823147
867492351359781264214365789596123478142578936783649512471236895628957143935814627
217369845358417629946528731479631258165842973832975416621793584784156392593284167
678543192953821476412769358781954263524316789396278541849137625165492837237685914
782143695435269187691875432567924813928317564314658729876492351243581976159736248
824751396716392458395684271579236814482179635631845927257968143163427589948513762
456917328723685914198243675217896453584371269369524187832159746945762831671438592
481975326397621854625483197713596482946218573852734619238167945174359268569842731
574831296631729548928456317493287651285614973716593482369175824142968735857342169
726519438153428679498763215534197826281654793679832541862971354315246987947385162
493768215672145389815239674924816753361527948758394126546972831187653492239481567
649835127287194635135276948796548213823917564451362789912783456568429371374651892
759263148381974562642185379874632951136597284925841736513428697497316825268759413
896147253415263897237985461378416925154792638629358714562834179741529386983671542
524876193736192845891435762347658219619324578285719436478563921953241687162987354
481795326965432871273861549857923614694178253312546798538219467729684135146357982
176893245328754196459126387812935674934672518765481932683517429591248763247369851
419567382836421957572938461143685279695372148287194536324716895968253714751849623
195234786367891254482756139729648513853912647614375892931567428578423961246189375
931564827678312954524987613482756139316849572759123468897631245263495781145278396
234816975956374281187259436361792548798543612425168397519637824873425169642981753
829147356516329478473685219285736194791254863634891725148562937357918642962473581
436591827975823641218674359741286593693457218582139476864915732157362984329748165
217854396486139257539267481962785143354912678178643925743591862821476539695328714
213468795495173286678259314127345968956781432384692571561927843742836159839514627
427631985693875124185249763942163857568497231731582649879324516214956378356718492
387452691651879342429361875162985437943127568875643129536798214718234956294516783
974168532538247196621359748187925364396714285452683971263491857745832619819576423
983421576762895314541637982639214758825376149417958263196543827278169435354782691
542738619981564723376192458497856231168423597253917864729385146614279385835641972
457321698219786435638594172143269857795138264826475319562943781371852946984617523
359617248418325679267894513796581324534276981182943756645132897921768435873459162
864213975529876431173459286982531647641792853357684129718945362295368714436127598
315826794274913658968754321839172465742365189156498273493687512621539847587241936
345287961127946538968351274652719483471832659893564127786495312219673845534128796
128496357764153298935827641386274519541689723279315486697548132413962875852731964
354127968912863475768459312629534187531786249847291653495318726276945831183672594
916453782348267915527891463261539847794128356835746129189675234672384591453912678
138294675429756138576318294253169487961847352784523916842971563617435829395682741
172436598384795216659821374498657132215943867763218945841372659527169483936584721
256917483479583621183426759791358264825649137634172598918765342542831976367294815
891257436356894172724613859217386594685149723439572681968435217143728965572961348
872145396694387521315296874928761453541938762736452189489673215267514938153829647
256938174317546298894217653963421587185793426472685931721854369639172845548369712
592378641371462589468915723749653218623184975815297364156749832934826157287531496
567389421912465783843712596186527349379148265425936178638271954254693817791854632
596127438482963571731845629945732186823651947167489352219574863358216794674398215
215834796436792518789165324342957681967418235158623479871346952594271863623589147
729814653183756429645923781297681345531497268864235197978342516416579832352168974
516438972382769145974125863437956218168273594259814637643581729821397456795642381
761489325358127946249635187682943571413578692975261834526394718137852469894716253
943128756218756934756934182879215643561473829432689571124897365685341297397562418
864925731175638429932417586258391674796854312413276895629743158341589267587162943
971356842543128796862794135437962581218475963659813427395681274724539618186247359
479326815261985437853471926342659781597812364186734592628543179935167248714298653
845329716937516248126784539783452691251968374469137825572691483314875962698243157
437596128126378549958214673793825416845761392261943785582137964619452837374689251
175634928426598713398172564653287149217459386984361257749825631862713495531946872
845173629219456837367928541971362485534891762682745193458219376796534218123687954
128435769936172584574869312751296438492387156683514297865741923317928645249653871
398152764164397825572846913651739248839624157247518639723965481485271396916483572
426513789579826413318974265694732851251498637837651942142367598785149326963285174
251789364483126957976435128345897216892651473617342895724513689539268741168974532
138265794726194583594783162457329618381476259962851347675938421813642975249517836
198657423245983176736214859957842361324169785861375942679538214582491637413726598
173248569869573241524961378296157483741832695385694127918326754637485912452719836
634851792928764135571239486162947358857623941493518627345172869219386574786495213
619478235253691874748235961197524683824369517365187429931846752482753196576912348
421659387769318542385274196853196724194782653672543819217965438538427961946831275
568239714924178365317546829289617543436825197751493682195762438672384951843951276
974283651831654927652719348297431865185976234463825719529348176316597482748162593
924365718758491236631278594873152649265943187419687325592714863347826951186539472
612794835379582461458163729721945386834621957596378142247859613983216574165437298
648513279193287645725469138956834712281675493437192856369748521514926387872351964
587941236412536789639728154961352478728469315345187962874693521293815647156274893
278594361635821479941673582194756823587239146362148795856917234713462958429385617
753649281819725346426831579547198623261357894398462157975216438684573912132984765
973482651546391287821576934617243598289765413354819762768934125495128376132657849
845376192276519384319248765687423519921785643534691278762834951493157826158962437
183297456257486139649315782436528971728139564591674823374861295912753648865942317
183564729726193584594782361941657832672831945835249617268915473457328196319476258
548712369392654718716389425934267851867145293125893674653471982289536147471928536
419372568625918734378546219982467153734185926156293487861759342593824671247631895
439682715268157394517943628856479231923816457174325869681534972342791586795268143
935247618274186395861539274392714586718653429546928137489362751127495863653871942
438716529971452368652398147314527986269831475587649231793265814146983752825174693
152983674463217589789465312895174236641832795327596148218359467974621853536748921
634728195721659438859341672316294857942875361587163249465912783278536914193487526
362571894941283675785694231428137569137965482659428713893752146274316958516849327
468253179392761485571894632245917368819635247637428591783142956924576813156389724
136274589495168237287935641354817926812596473769342158678459312523681794941723865
126489357357621948849753162985167423764832591231945876593278614678514239412396785
765248139843519726921376485459821367187963254632457918298735641376184592514692873
574369821239518746618247593926473158487195362153682974395826417742931685861754239
437526198658197432912384765526743819194862357783915624341279586275638941869451273
724135986639872415185496327462358791973214568851967234318749652597621843246583179
695728341481653972372149865546831729219567438837294156168372594754986213923415687
159483672763129845428765931892316457671954283534872169345691728986237514217548396
437512896561879234298643571129785463386421759754396182813954627945267318672138945
354712698678539241291684735782961453465378912913425867137246589526893174849157326
354296781216587439897143562569832174781964253423715896942658317178329645635471928
758326491241987356639451782972813564184562973365749218896235147427198635513674829
241586397673129845985374216419653782532817469768492153896231574357948621124765938
965728143784316295132495768547239816623581974891647532456172389379854621218963457
524839167738651429619274538972185346483926715165347892251468973896713254347592681
497218356326597148185634729641953872973862514852471963739126485564789231218345697
958731246416582379273946518865314927134297685729658431382165794647829153591473862
967534128285961743314827956726413895159782634843659217531278469698145372472396581
982461735617358294543297186736149528498725361251683947124976853365812479879534612
791245683548396172623781495382159764967428531154673829479562318836914257215837946
195267483463518729782439615276143958514896372839725146941352867657984231328671594
629374581185692374374851962562783419918426735743519826251938647896247153437165298
614798253382615479759432186836274591971356824425981637298147365163529748547863912
437592816982716435156438927523867149679124358841359672318975264295643781764281593
157983426486512937923764851895246713362871549714359682278635194549127368631498275
213587649689124375547693821936251487825476913471938256394712568168345792752869134
512768349869134752743259861651427983378596214294813576435971628126385497987642135
643152987127869345598347261875421639962538174431976528319684752754293816286715493
791263548365841792482579631923416857674958123518327964859134276146792385237685419
931425867748163259526798341462981735319576482857234916193642578285317694674859123
741893265382456197956127384235761849679248513418935726867514932524389671193672458
542873619913256478786941253861732594495168732237495186658327941379614825124589367
489315627712469583356827941175986432863274195294153876941532768527648319638791254
926784315541396872738512496459638721287941563613257948875129634164873259392465187
948631572327985614561247389689723145432519768175864923813496257794152836256378491
579648132263517984481932657326879541817453269945261873792386415158794326634125798
985726431236154978147398256751689324469532817328417569594271683673845192812963745
354267918679184235281539674135892746742356891968741523893475162527613489416928357
417653892386429715295817463978236154154978326632145978821594637563781249749362581
524631987731982465968745213247396851196458732385217649459823176873169524612574398
975132486318465729264789135742893561156247893839651274623518947481976352597324618
753496218862153974941827563415982736396714852287635149124378695678549321539261487
153987462849236175627415893312658749564729381798143256981572634275364918436891527
274351869658947123193862574785634912941278635362195487439786251817529346526413798
948216375732584961651937482376192548194865237825473196419628753287359614563741829
568124379342795168791836542453981726179362485826457931985243617237619854614578293
324651897971824563856793124467519382532486719189372645215938476748265931693147258
584319672326475819971628543863751294745296138219834765198563427437182956652947381
746195382521834697938627451352786914164359728897241536289463175613572849475918263
867539421124687359593142786358276194649351278271894635912765843436928517785413962
768129534395674218241358796417536982986742351523981467179463825834215679652897143
526937418348165972917248635192386547685794321734512869263879154871453296459621783
487639521613527489952418673146283957529741836738956214391862745264375198875194362
457192368381465972296387514824619753719853426563724189648531297935276841172948635
975831462648572139231694587827415693364928715159367824412789356596143278783256941
189627453723845691546319287472951836395468712861732945257184369934576128618293574
235176984748935612916248375127683459864759231593412768371824596459361827682597143
451839762967421583382576941214695378836742195795318624173984256628157439549263817
862457193374921865519836274738169542146275938295384716987642351421593687653718429
714692538382451679569738124693514782845267391127389465458973216976125843231846957
516937842479628153238451769162743985347895621985162374794516238853279416621384597
592614738463587219871239654938176542715428963624953187386791425159342876247865391
723659418195482763846317259478931526659278134231564897564723981317895642982146375
395468721764129538821753946579384162436912857218675493143297685682541379957836214
964852137817396452523417986278634591145789623396125748482961375751243869639578214
268519734341872956975643128592786413684391572713254689159428367837965241426137895
958462371267813594413975826175246938692387415834591762346728159781659243529134687
561427839823619574749853612398176245215348796476592381682931457934765128157284963
823546197194273586756189432385791624941625873672438915468317259217954368539862741
237458196154296387869371542628913475591764238473582619346827951982135764715649823
954631728721895643368742159246578931179324865835169472493216587682957314517483296
582619743349572816167438295738241659426795138915863472693184527854327961271956384
931468752784235961625791483198673245456812397372549618867354129513926874249187536
295687134471523896386914572127398465634275918958461723762859341849136257513742689
546972831128634597379581642834716925752893416961425783285369174417258369693147258
215674389968531247743982615452167938871493526396825174637249851184356792529718463
376241859419583627825796431697428315138659274254137968982315746563974182741862593
695134287742856193381297456413968572927541368856723914134675829278319645569482731
975184623348762951612935748453279186289316574761458239124897365896523417537641892
716483952528196347349275186935624718271839465684517293197358624453962871862741539
319548267764329185825176439643297518178635942592814376281963754957481623436752891
621348795548971623937652481374829516852167349169435278415783962286594137793216854
127358694685941732349726851268419573534867219791235468972583146456192387813674925
241983765763125984859746231386274159912358476574619823627431598135892647498567312
625791384147835629839426715498653271516274893372189546981567432754312968263948157
531287496468931725279564813854793261712856349396412587625178934983645172147329658
245197386673852491189634725862715943351489672497263158534921867928376514716548239
671428539253917468948536721412783956869254317735169842584691273326875194197342685
526947318341856927798123564185294736472638159963571842817362495654719283239485671
748521693359678421261934875917356284435892716682417359173245968824169537596783142
347691285682753491159824637876512349491376528523489716968235174214967853735148962
312946857564782193798513624123695478845271936976834215251368749487159362639427581
857164923193527684246398175578431296312679548469285731925813467784956312631742859
975438261218965347463217589521786934839542716746391825197623458652874193384159672
237495681158623947496178532361859724842736195975241368583912476729564813614387259
561483297392765841874219653489532176715896324623174589946328715237951468158647932
617354289923187564548269731152643897396872415784915623439726158865491372271538946
298573164615498237734261589943627815162845973587139426876914352421356798359782641
982546371176893254435712986861429537593678142247135698629384715314257869758961423
693457821718962534254183679579236418382514967146879253827641395935728146461395782
658742193743961258192385476376418529524693781981257364435826917269174835817539642
165482937893751264247396185586924713921673458374815629752139846439268571618547392
974315682186427953523689741749251368362748195815936274491863527257194836638572419
187695243265483719439127856874956321326718495951342678692871534713564982548239167
349526781712384596865791423678435912923817645451962837534279168187643259296158374
324698517678215943195743286237869451469157832581324679953476128716582394842931765
865149327137286594429375168654913782982754613713862459596438271378521946241697835
578914326632587491194362758813456972957821643426739815389245167241678539765193284
962438571483571692517629483794213856136895247825746319649152738358967124271384965
348196257279534618561287394136942875795863142482751963954628731813479526627315489
712384965683295471549716382258637194496521837137849526921468753374952618865173249
483591276152678439697432581845129763921367854736854912369745128278913645514286397
682917543149653827357842691471569382826374159593281764938725416764198235215436978
653829741427561893819437256798156432564382179231974568145698327982743615376215984
978264153345718296612359478264583917593671842781492635427136589856947321139825764
526179834749583216138426597291764358657832149384915762963258471815647923472391685
359174268267389145148562973613958724794213586582647319825736491471895632936421857
875263149129847635463951278698372451247195386351486792982714563514639827736528914
153849762798621453426573189932158647845736291671492538287964315514387926369215874
915274368874356921623189475431825697762941583598763214286537149349618752157492836
756324819329158764814769325293587641568941273471632598937816452182475936645293187
827316954419857623356942871932571468574689312681234597268193745143765289795428136
183952647296784315547163892678491253951328476432576981764219538819635724325847169
312789564875426193469351728128563947543197286697842351951674832234918675786235419
273489165548617392169532487487261953951843726632975814816754239394126578725398641
189546732345972681267318594472639815598421376613857249936284157754163928821795463
243871956951463782678592413137986245482715369569324178795248631314659827826137594
465398217398127654172564398957842163614935782823716945239481576781653429546279831
834269157175348926629175834986412573247853619513796482351924768792681345468537291
453672189698541732271893645935417826814926573726358914382169457149735268567284391
217936485568124937934578216759413862183652749642897351421369578376285194895741623
125349687369578412847216539714892356596734821238651794452163978683927145971485263
175834629389612754264957138918365247756248391423791865532179486641583972897426513
396271854542968713817453269278314596935726481461895372623187945759642138184539627
461789253398245761572163498916524387853917642247638915635892174184376529729451836
924356718651798234873142659587429361169583472432671985746915823318264597295837146
985367124314528976267491358472615893698273541153984267739856412541732689826149735
783462591524719863916538742675143289241987356398256174869371425157624938432895617
742691835183754962695328417539472681218569743476183259967835124324916578851247396
815427396236915874794683152342891765671254983958376421483569217169732548527148639
317985426542617893896324157428176935173592648965438712681243579739851264254769381
493172568126985743785463912518239674679814325234756891947328156851647239362591487
145823697732619548896475213961532874283947165457168329629354781314786952578291436
512674839498352716376198542985743621631529487247861953824937165753416298169285374
736845291829163457541972863475639128183524976962781534258317649314296785697458312
851463729967512438234978165715624893629381574483759612142897356578236941396145287
274589136659213478831647259497168325568324917123795684786431592345972861912856743
948132675153467289627589314581274936794653128362891457839716542415928763276345891
847652139163479825529381476491827563258163794736594281914238657385746912672915348
123859746674123958598674213386491572742538691915762384439217865857346129261985437
239854716154967382687312945361475829472189563598623174845291637913746258726538491
354971268962834517718652349471398652629145873583267491896413725247589136135726984
475926318813457269692381745358614927769235184241879536137548692924763851586192473
458632971936417258721985436267594813194378562583261749645823197819746325372159684
512964387479318562368527914196283475243751896857496231625879143784132659931645728
564783921237619845819245367945368172783521496621974583396852714178436259452197638
542386971679152483831947652457298136318674295296513847925831764184765329763429518
385429617976581234142763859653872941298145763417396582721638495834957126569214378
246785193781392456539641278964153782375268941128974635413829567652437819897516324
214593786679814235835276194148365927752189463396742518561937842923458671487621359
369584172571326849482197563624918357193765428758243916216859734935472681847631295
412785369358649172769123584194372658623958741875416293237594816546831927981267435
418923765297658134536741982685437291174289653923516478862175349751394826349862517
275364198316978245498125376834716529659482713721539864563241987982657431147893652
234976815781352469695184732468739521517268943923415678376591284852643197149827356
385276491169354278274918365821549637953762184746831952438197526692485713517623849
549761382726835419813492567134529678698317245275648931961273854387954126452186793
782463915143597826659281347375649281298315764416728539924876153837154692561932478
763259481921483765548176329175894632486312957392765814237548196654931278819627543
823419657659728314417536982578943126931652748264187593782395461196274835345861279
694587231753241986812963457147632598938475162526819743289756314471398625365124879
169387524285149367437265918648923751352471689791856243923618475874592136516734892
753698421846521379129473865968215743231749658574836192412357986385964217697182534
183467925745829631269351784897542316412693578536178249924785163358216497671934852
612743589574298361839156247493587612756421938128639754381962475965874123247315896
473896512152374698689215347245731986718649235936528471821453769564987123397162854
526147983317958246849623571172894365985361724463275198294516837658739412731482659
618425739534879621279631458842597316961384572357162984783246195495718263126953847
961238547253741869784659123478125936615397482329486751532914678147862395896573214
795236814483159726162748953321685497576492138849371562937524681218967345654813279
628975314973146852514382976481593627736421598295768143869254731347619285152837469
976354218243198657185276394352981746761435982894762531618523479529847163437619825
691538724825147693734962851378456219952871346146293578463715982217689435589324167
512946378364187592897352146473269815286571439159438267731895624648723951925614783
268751934539246718741389562876195423492863175315427689953618247127934856684572391
152694783698273145374851926741965238835127469926348517283719654567482391419536872
985361247627485391413792685746529138291837456538614972852946713369178524174253869
467912835915843276832765914648271593793586142251394768384157629576429381129638457
314957268895261743726384951678129534259843617431576829983615472542738196167492385
567321894238964715914857362842593671679142538153786429481639257726415983395278146
371642859289175463645893271457918632813726594926354187134569728592487316768231945
481923756926547813375861429254318967893276145167459238732684591648195372519732684
245967183691483275873152946324796851759831462186524397467319528938275614512648739
257943168198526473436718592921674835765831249384295716879162354513489627642357981
374861529896275413512349768638154297127986345459732681285417936961523874743698152
789564213321789564564321798976132845158647329432958671845296137613475982297813456
174985236689123475532647891318574962745296318926831547851369724463752189297418653
275936418931284567486751923894623175563417289712598346627349851159862734348175692
957238641628194753413567892281645379764389215539721468145872936896413527372956184
279856431345172986861439275156327894793548162428691753914763528682915347537284619
623147958518962473794835621837691245256784319941253786489576132362418597175329864
392578461864291735571436829289314576145769283637825194926157348718643952453982617
912867345837542916645931782479158623351296478268374159124683597796425831583719264
593176284826435197471289365247913658369528471185647932732894516954761823618352749
865429173934157682712368594358276419649831257271594836183942765527683941496715328
642395871581274369379816425934567218728143596156982734217658943495731682863429157
749351682538462179216798543387215964621984735954637218875123496493576821162849357
921534876845796312736218459194652783368471925572389164259147638413865297687923541
916432785732865491854971362489613527365297148271548639597326814143789256628154973
827356491316924875945718362182693547673485219594271638459132786231867954768549123
396187542752496138814532976567249381143875269928613457231764895475928613689351724
154869372627513498398427651781354926245976813963281547436792185879135264512648739
521736849796584213483912567814267935359148672267359184938675421145823796672491358
214938675367245198859176423126759384593824761478361259735492816982613547641587932
692517834418632597537489216865243971374891625921765348186924753253178469749356182
751348296429617835683925147312579468568234719947186352194862573835791624276453981
715639842462718359893452167549123786271865934386974215958347621127586493634291578
984516327521734689637928514319657842742183956856492731463871295198265473275349168
941653278285741369736289541658372914397415682124968753469127835812536497573894126
315692478498357162762481953856243791134769825927518634279834516581926347643175289
416723859538419627972586431349172586251864793687935142893657214725341968164298375
724956813591328647836174925479583261182467539653291478315649782247835196968712354
834697125721458963695231874412973586367582491958164237249316758173825649586749312
719864523428573169356192874147285936583946217692731458861427395975318642234659781
817349265923567184456281973398714526572836491164952837735198642681423759249675318
192573486547896231386124975471652398238917654965438127759241863813769542624385719
396572841214839657785461392647358219823914765159726483972645138561283974438197526
217869345546132798893547612769381524352974861481256937638415279125793486974628153
723461895984235716651987342597816234138524679246379158462753981875192463319648527
653179248724863195189425367942581673561237984378946521496318752237654819815792436
921438576784569123356712984412896357837145692695273841168927435249351768573684219
947563821231984567658217394764852913829731456315649278482196735193475682576328149
974856213138792456625314987863521749219473865457689132781935624542167398396248571
186237495245619378739854126571498263428365719693721854817946532364572981952183647
641283759397145826582679413125734968768592134439816275914367582276458391853921647
839621574461753928752489361927834615683517492514962837296148753345276189178395246
524938167713562498968174235457689321392715846186243579871326954639451782245897613
594812637871396542632547981983724156715963428426185379147259863359678214268431795
914783652726415938358962147487651293591324876632897415865139724279548361143276589
142359876568172439937846521395427618876513942214698357783265194459781263621934785
584362917972415836316789524259173468163548792847926153731254689625897341498631275
632581749418927356579436821196842537785163492243759618861395274954278163327614985
621859347487123569935647821162375984749218635358964172213496758874531296596782413
492651387653748912187239456326897145571364298849512763965123874734986521218475639
148295736729643158536781249451936827687524913392178564264859371915367482873412695
728956413943721856651843792167489325295637148384215967412578639579364281836192574
325841967816579234749326815138257496652498371974163528463915782287634159591782643
165379284238461957974528316859243761416897532723615849342986175687152493591734628
264817953197532468583649271416758392732194685958326714845973126371265849629481537
698231754531479826274685931843726195952148673167593248485967312726314589319852467
241689537398517264657432198713924685962758341584361972836245719429173856175896423
296154873753968124148327695637281459421539768589476231312645987864793512975812346
821473956563982147479516382738641295692857431145329678956138724387264519214795863
219743658376258194845169732763524819154986327928371546497815263532697481681432975
269745381754183962813269547582491736936827154147536829325974618491658273678312495
718964352345728169629135847974286513561379284283541976496852731157693428832417695
293864571678315492451279863815632749369748125724591638546123987982457316137986254
623785914417963285859214736598371642734526198162849357986157423241638579375492861
652718934387549261914362785423895176179436528568271493831924657796153842245687319
813762594752934186649581372128493765964175823375826941591647238437218659286359417
391426758245178369786359241159647823428593176673281594967815432514932687832764915
437896521925174863816253749374529186682317954159648372293765418741982635568431297
759183462432675981618249753196428375543967128827531694974812536381756249265394817
238759416751624398469318257895162734672543189143987625926871543584236971317495862
158324679637159428942867153215478396789613542364592817476231985591786234823945761
917453862283691745546287139351862497879145623462739581625318974138974256794526318
821346759796215438435978126269451387187623594543789612354862971618597243972134865
873526419642193758591874362417965823325748196986231547768412935254389671139657284
784635219132849657569712438325476891918253746476198523651927384247381965893564172
798253416156784392243916758531897624482165937967342581614538279875629143329471865
598426371723915486146837259974168523812593647365742918237684195659271834481359762
429538671187269543653714982831976425265843197794152368376481259948325716512697834
146985372259734186783612954934128765821576493675493218392857641567241839418369527
241765983865493271937128645612574839759832164483916527378651492126349758594287316
142365897836947152579128634265893741491276385387451269654782913718539426923614578
572961384961834527483752961834576192725419638196328475219647853348295716657183249
872564913954831276613792485469287351731456892285913647147329568398675124526148739
926854713384791265517623948175936482239478651468215397742189536893562174651347829
376125849529648713841739652468973125957261438132854967714582396695317284283496571
931768452462359187875214693253681749698472315714935268129547836546823971387196524
796382451421695873538471296863954712214736985957128364372569148185247639649813527
549286371386175294217439586893764152654912738721358469165823947978541623432697815
971645832324189567586723491659817243712354689843962715465291378138576924297438156
918263745257149683463875129692531874184796352375482961841357296726914538539628417
265798134178432569349651827796384251513267948824915376652849713487123695931576482
423978651815326497679145328736491285982563714154287936347812569261759843598634172
963274185824519367751863249389156472645327891172498536417635928298741653536982714
742653198956418327318729645294186573183547269675932814529864731431275986867391452
361548972527619843489732615138426759746895231952371468813267594695184327274953186
624791853573824196981635274398542617415967382267318549852473961736159428149286735
856472139127936845349185762578623491691854327432791586764319258283567914915248673
342619587685273419917584632721945368594836721863127954159462873478351296236798145
392645187871293456564817293623981745917452638458736921235174869786329514149568372
658937142974281635123456987316572894845319726792864351569143278281795463437628519
154976328276813495893425671319547286548362917762198534637251849485739162921684753
137952864856473912249618357428539176563147298791826435375281649984365721612794583
931254786865371492247869531452917863186432957793586214374198625529643178618725349
943218567281765349765943182452876931836591274197324856529487613314659728678132495
562349718391867542487215963679534281213698457845721396756482139134976825928153674
814953267952761384736284915691348572427519836583627491349175628165892743278436159
736245819951378246284691375368927451547813692192456783813564927679182534425739168
827541693915836724364972581543728916198364275276195438752483169631259847489617352
173546298285197643694832751512968437739214586846753912358629174421375869967481325
398647215154832697627519843531964782462178539879325461945781326216453978783296154
472961853531782649689453712246397185718526934395148276127634598964815327853279461
649783125712465983583192764865941372371826549924537816238619457497258631156374298
852493617341276589976815243568347192437921856129568734694152378285734961713689425
328417659156938247794625138832541976569783412471296583217364895685179324943852761
785621493341958672296473581618547239523189764974362158437296815859714326162835947
382761954564932718719854263931246587826175349457389126145693872298417635673528491
867291534314587926925364178731649852692875341548123769179452683483716295256938417
273415689814296735695783241321647958587931462946528173469852317152374896738169524
289164375514738629736925814647391258152846793893257146361479582975682431428513967
431658972269417583587932146316785294942361857758249631194576328675823419823194765
581642793396781542274539618649215387128367954735498126867954231912873465453126879
421856379893721564567493812719245638345168927286937145134582796978614253652379481
974681253156273498283495761817936542439528617562714389325169874698347125741852936
846127359317569428925483176563748291294315687178692534689231745452976813731854962
365249178179863452482571963891756324654132897237498516516387249923614785748925631
785461392196532478324987615219745836847693251563128749651274983432819567978356124
294738561576241938813659724468375192952186347731492856647913285189524673325867419
824956173763281594195734682638495217917623458452178936576349821381562749249817365
597284613641753298283961547358416972976528134124379856769845321415632789832197465
956843172741562389238917546564278931892136754317495268483721695175689423629354817
817532649462981573395746128734865291521493786986217435279658314158324967643179852
531784962642593178879612453267345819154829637398167524783456291426971385915238746
823796145756148293419352687648975321195823476372461859961287534584639712237514968
327541986645789132819263475734928651162354798598176324986432517253617849471895263
359712648478693251621854793237165984814927365596348172945236817183579426762481539
514683972728914536639752814953421768146875293872396145387569421491238657265147389
864935217325147869719682453493571628176328594258469731941856372532714986687293145
654139278739825641218746935491682357825317496376954812963578124582491763147263589
897431265563827941124596738982763514756148329431259876619382457275914683348675192
718932456542186739396457812469528371237614985851379264683291547974865123125743698
536941287248735916917826543451698372672453198389172465865214739724389651193567824
832516794195347628764289351976451283543872916281963547319624875657198432428735169
198537246234168957765429318987653124352814679416972835823746591579281463641395782
798423615364519872125867394259146783437982156816375429641298537983754261572631948
512943876849567312736821549397185264685472193124396758951234687268759431473618925
856342719437819265192567348513786492978234651264951873649128537381475926725693184
879634125356218974214597863648752391192463758735981246521376489463829517987145632
349285176251647398786391542678523914412976835593814267864159723927438651135762489
439571682172684359856392174764915823398726541215438796987263415523147968641859237
579346128834125769612798453728439516946251387153687294487562931261973845395814672
941872635382659417765341829673518942419267583528493761156734298294185376837926154
518649723746832159923517846267391584495786231831254697684123975159478362372965418
175829463283674519694315287431982675956741328728536194369258741512497836847163952
284736915593412768716985243641859372379624581852173496437568129928341657165297834
613897254725643819498125763876431592251769438934582176562914387387256941149378625
189347652635921478742856193516798234893462715427135869951684327368279541274513986
598234167164798235723615849849127356652349781317856924235471698476982513981563472
136875924594132786278469531823756149917248365465391872349527618682913457751684293
136579284295148367847263195928614573514837926673952418362481759781395642459726831
376514289458297136219863745687451392543926871921378564132689457895742613764135928
273518946658943712149762385985426173367891254421357869892675431534189627716234598
762384159815927364943156728374698215591472836286513497638245971157839642429761583
134786592627495813895213674948672351561938247273154968712369485489521736356847129
421398576978516243356724819615432987842679351793185462184963725269857134537241698
687215493359847261412639785961584327523796814748321956235468179896173542174952638
978543162132769485456821793293175846864392571715486329681937254549218637327654918
469312785152798346378645291297581463643927518815463972581279634936154827724836159
326815497971246538485397216197463825842751369653982741518624973239178654764539182
182964753497523816365178429249356178753819264816247395531492687624785931978631542
914523867763918425582647913126785394498132756357496182631854279279361548845279631
412936578789452631653718429275361894391874265846529713564197382137285946928643157
613279548248351967795648213132586794954732186867194352526817439379465821481923675
179628543456193872238754619615439287723815964894276135342561798967382451581947326
279541836615738249483926715148657392326419578957283164891365427734892651562174983
891475326356281794274936581725143869189567432463829175932714658648352917517698243
524187693196253784387694512762938145415762938839541276978325461241876359653419827
294876351168453729357912486831267594526394178749185263612748935475639812983521647
375628419842193675619754283957316824463872591281549736524937168796481352138265947
214689753635217489879453612591748236428936571763521894147365928352894167986172345
671953824483216957259784316932168475746532189518479263894627531365841792127395648
459163872627895413381247569534718296718926354296354187975482631843671925162539748
179382456243516798856497132312975864485631279697248315921764583568123947734859621
418672539972153684536894712325741968681529473794368125149237856853916247267485391
391475286675382941284169537547693812168724359923851674812937465456218793739546128
954613728172985634368274915287461593549327861613859472825736149436198257791542386
748219365692375148153648792815427639267931584439586217921853476576194823384762951
637951482128674539945328176516439827394287615782165394251896743479513268863742951
389475162527361498614982375146529783752834619893716254238657941961248537475193826
415769283683425917927813564198274635546398721732156849264537198351982476879641352
714268395635794182298153764952417836473689521861532947326875419549321678187946253
934681527581427693267539148695748231318265974742193856826354719153976482479812365
287453916694812357315967248476589132932671584851234769523748691149326875768195423
539671284624358197871942653783196425945237816216485739458719362167523948392864571
214735986895642713637981452963174528451298637782563149349816275126357894578429361
643197528185362947927458316596234871738916254214785693452673189371829465869541732
738465129291378654465192378842539716319647582576281493954813267627954831183726945
416287953978635412235941867762359148849716235351428796124863579593172684687594321
165389427439726851782541396218973564954862173673154289541297638896435712327618945
127695438984731265563842917452179683871326594639584721796418352315267849248953176
756829341432751869981463725247586913813974652695132478378615294524397186169248537
573261948921854673684793521439512867762389415815476392398627154147935286256148739
745638912963512874182749536678951423321864795594273681259186347836427159417395268
759362418163894257482517693216753849548629731397148562624981375871435926935276184
562479138417836925398152746254318697186297354973645812849721563621583479735964281
864731259721985346935642178246598731597413682318267495179356824653824917482179563
318645927695872413742391685436927158579168342821453769983216574267534891154789236
164832759952746183837591264685174392743269518291358647416927835329685471578413926
732914568195286734486735129948361257627859341351427896569172483814593672273648915
769358142138429567542671938453967281986142375271835694894213756325786419617594823
137682594986547321245193867374269158519874632628315479892456713453721986761938245
582413967679852314341967852498731526237685491165294738914328675826579143753146289
821736945637459821594218673416973258275681394983524167342867519159342786768195432
348672915217985364596341872984136257673524189152798643829467531765213498431859726
623945817871632945549781236914856723382479561756123498135297684497368152268514379
123749658865213794749568123674132589318695472952874361281456937597381246436927815
591462738726938514834157629319826475278345961645719283462581397983274156157693842
352896147674512983189437625715683492246971358893254761567329814438165279921748536
682174935153892674749563812596237481317948526428615793271459368835726149964381257
357812469126549387984376215213687594569423871748951632671234958435198726892765143
237856149891472635546931287379128564612345798485697321963514872754283916128769453
935842167246371859817695432159268374472913685683457921398724516761539248524186793
231786495548931726679524318986172543714853269325469187152398674867245931493617852
927584613153276498684139527346928175712653849598417362239841756861795234475362981
195627834867143592234598716658432179942871653371956428789214365423765981516389247
961285734872436915453197628248369571519872463637514892724951386186743259395628147
613457892985362741724918365159874623372196584846523917497285136261739458538641279
568921734372465891419873562184396275735142986926587413843659127251738649697214358
924158763853769421716234598589647312637821954241395876172583649468972135395416287
149352768827146935536789142975268413261437589384591627412875396653924871798613254
384217659916543782725896134153924867269738541847165293431652978598471326672389415
431826597286759431957413862728694315319285674564371928673542189142938756895167243
687149532943285617125673498294856371318724956756391824531462789862937145479518263
253179648819645372647328591364917825795862413182534967521486739976253184438791256
536729148497186253812534967985413672621857394374692815259371486763948521148265739
762143985154892637839765124543981276291657348687324591975436812428519763316278459
976485321428613957351792684785946213693521478142837596867359142514268739239174865
647213958135789426892645713759126384283457169416398572374861295528974631961532847
513769248629843175784125369176384592235917684948652731351496827897231456462578913
841295673256743981793618254124987536978536412365421798637854129589162347412379865
146325798587169423392847516971584632625913874438276951719438265254691387863752149
871692453942385716635147829218469537453278961796531284124953678567814392389726145
176524389283967154495318276632475891847291635519836427324159768961783542758642913
579342186238691574461857392697425831153768249824139765785914623916283457342576918
298731546315624978467958132736149825924385761581267394142573689653892417879416253
715863942263495781894172536972531864341687295586924317627318459439256178158749623
197236458685471329423598761356142897249857613871369542712684935568923174934715286
716284953235976841849351726157438692984562317623197584592713468361849275478625139
846397152195628473273145986384269715529871364761534829918452637657913248432786591
468927351197354628253861794716498532542673819839215476321746985685139247974582163
136572498275984361849361725451293687963817542782645913627139854594728136318456279
785214936493657281216938457547826319932471568168593724871342695629785143354169872
935246817421978635768135942857613294643592781219784356594827163382461579176359428
953248617427316895816597423365184972178923546249765381692851734784632159531479268
437216958298457316156938274385679421942581637761324895823745169674192583519863742
598361742674825139312749685781293564469587321253416897845672913136954278927138456
397612584641853279258947136934185627812476953765329418576234891483591762129768345
679542813325891764148763259261938475497215386853476921736129548514387692982654137
852164379349827516761953824138672945574391682926485731417536298285719463693248157
942735618765819342318624957694372581521498736837561294176943825453287169289156473
964132785358746921721859436692471853815963274473528169147385692239617548586294317
197265438635784192842931657954873261216549873378612945569127384481356729723498516
126893574975624138438571629219738465354162897687459312593286741842317956761945283
253648197947125863681397425479562381325981746816473259568734912134259678792816534
823197546976453821541628739719546382364782195258319674487261953195834267632975418
746813952235469871918257634824975163359621748671384529162548397497136285583792416
356489217791325468842176539574932681129568374638714925467893152215647893983251746
518427963473961852629538471164259738832746195795183624947312586281695347356874219
572981643648237915913564287786453192124796538359128476465379821831642759297815364
794612358862345791135987462527168934986734125341529876219876543458293617673451289
569438721387162459421957638894725163156394287273816945945281376612573894738649512
643125789285794613791386542538462971916837254472951836164579328327648195859213467
132867945965214837784395162327149586859736214416582379291478653543621798678953421
983576421617924358425138679356491782874253196291867543738642915169785234542319867
253169478481723569967548123524697831816234795739815642672351984395486217148972356
538471269791625834624398571847539612963182457152746983279853146386214795415967328
719562348832174695465983172154726983327849561986315724243657819571298436698431257
425168397983752641176349258697485132532971864814623975761834529248596713359217486
251946387769835241843127965935274816472681593186593724397468152618752439524319678
497153286386724195251698743143267958768549321529831467634975812875412639912386574
987413652623578941451962738712639485539847216846251397295784163364125879178396524
893571246514236978276948531137624895459813762628795314365487129941352687782169453
394861257285374691761259834946512783173986425852437169638745912419623578527198346
271963485859471326436258917127846593948135762365729841692387154583614279714592638
318592674749618325526734918632841759185973462974265183297356841861429537453187296
867124593314589726529367148258971364976432815431658279795816432143295687682743951
216853974738194625594762183382671549675439812941528367153246798469387251827915436
965732481413859627728641359894123576251976834637584192186295743549317268372468915
538126479194875236627934851986752143743618925251493768415387692369241587872569314
156482397492735816873916452718369524624158739935274681281643975349527168567891243
483276951917583246526149783298751634654938172371462598145327869832695417769814325
782134965349856172651792348198473256574621893236589417423965781967318524815247639
372856194456391782819274356128437569643589271597162438265943817781625943934718625
629387514534192786178654932756843291381925647942716853867439125213568479495271368
183596427426781539975432816231974658548623791769158342392865174817349265654217983
798156234563428719124397586671832495349615872852974361915743628236581947487269153
945812637728643519613975482581439726462758391379126845197364258854297163236581974
462785391135492786897361425354127968629834157781659234916248573278513649543976812
689375124731924856452618379847139562126457938395286741914563287273841695568792413
187539462926147583345682719834976125761254938592318647279463851618725394453891276
735281946146579832892634751279468315318725694654193287487956123523817469961342578
397524168651879432482613957736481295518297346924365871263748519849156723175932684
456213978217689354389475621521764893634892517798351246945138762173926485862547139
247951836691483752385276941456718293973524618812369574534692187169837425728145369
271396854359148276486257139564819327723465918198723645642581793835972461917634582
835624917642197853917835426274361598398542761561789234753218649486953172129476385
548326917769541328231978546814259763952637481673814259497162835185493672326785194
186529437427831956359674821792156348834297615561348792648912573915763284273485169
183472956694581372572693418219357684837246195465819723746925831928134567351768249
478265931963147582215893467526789314841352679397614825752938146139476258684521793
127564983489371265356298174693847521275913846841625397564189732718432659932756418
548671293632859147917423658785932461263514879491768532874295316329146785156387924
361942578925178463478365291814297356597631842632854719789426135146583927253719684
697521384531847296284963175742156938319284657865739421953618742426375819178492563
478593216239816745651274839187635924963742158542189673824367591315928467796451382
734298156982615734156734928425183679319467582867952341678541293593826417241379865
846913572153827469972564381615439827234781956789256134598642713367198245421375698
617298534589431726324567819752816943831945267496723185175684392968372451243159678
765192483982364157341578926874213569629857341153649278598721634436985712217436895
714925386698743152532186749153698274869274531427531698245369817971852463386417925
275849316384671295916253478437965182568412739192387654723594861649138527851726943
126748593547963182893251476469517328285394617371682945938126754714835269652479831
862475139591823746347619285274196358136587492985234617418752963623948571759361824
984562371132987654576314982897256413325471869641839527263148795418795236759623148
728935461145726398639814725586143972312579846497268153871452639953687214264391587
857123469926874315431695728219736584574218936368459172192567843785342691643981257
143582769759136482682974513438627195297851346561493278824765931376219854915348627
359741268267398514418652379521934687734826951896517432983275146645189723172463895
725689314436512897918374256294865173873941625561237489142753968659428731387196542
367491528154823967829765431643172859712958643598346712285617394431589276976234185
523769418486132975719485326148923567352876194967514832891647253275398641634251789
691483725238765914547912638875326149924871563316549872463158297752694381189237456
495617823128534796367289415236875941849162537751943268572396184983451672614728359
982631574751948632634527981579413268248765193163892745417286359826359417395174826
539187246416295738278634195751823964684971523392546817943752681865319472127468359
192438756375691482486527391927183564641275839853946127214359678739864215568712943
869354712341287596527916834752693148638145279194872365215439687986721453473568921
945138762823769514617254893362971458754683921198425637236897145489512376571346289
361857942925413867487296351796541238842639175513782496274368519659124783138975624
982146375365728419417935628529864137138279546674351892853492761246517983791683254
319547682486912573572863194697258431135479268248631759723185946954326817861794325
179486253852739146463512798235174869948263571617895432594621387726348915381957624
781396425463725918925481376156279834378654192249138657892563741617942583534817269
976314825432658791158927634789435216345162978261789543813276459697543182524891367
579621834618394752423587169785243691962718345341956287897165423236479518154832976
684259137521374896937618254219465378863792541745831629196527483358946712472183965
954176238316852479872493156681239547297514683435768912543627891728941365169385724
678352491123489576594176238781235964452697813369841752217564389936728145845913627
592843761613759248847126359386974125421365897975281634238597416154638972769412583
267913845435278691891546327742385916156729483389164572523891764974632158618457239
789216543623574918145398672436821795952763184817459236361942857598637421274185369
427835916598612374361974582732596148946281735185743629874159263253467891619328457
926143578573628914841759236384597621652314897197286453265431789418975362739862145
915426873823795614764318529692837145371542968458961237247159386139684752586273491
389456217745219863621378459857931642963524781214867935172643598438795126596182374
538749612147625938269831457812497365973516284456283791394178526621954873785362149
927145863583967142641238975832596417754812639169473258398651724415729386276384591
281976354654381729379254186746125893825739641193648572518493267462817935937562418
824971365679523841513864792795682134438195276261347589342719658987256413156438927
974261358521837496836594217689452173715983624243176985398625741457319862162748539
267981534398475612541236987426517398713894265985623471834159726159762843672348159
581267349239854761467193852175632984926478513348519627613745298894326175752981436
728963145416275938935148762591824673672359814384716529269537481843691257157482396
639742581458913762721658394246591837983427615175386249592834176317269458864175923
513976284274538916986142753859263471432719568167485329345821697791654832628397145
684351927539276148127489635895764213341592786762813594976138452413625879258947361
539147826817926345426358179193784652268591734745632918672419583381265497954873261
567243819231968547849175632792816354684359721153427986328691475915734268476582193
315469782497218356628375194846597213259134678173682549582746931734921865961853427
682175934497836512351924876725361498138492657946587123573618249264759381819243765
841362579693587412527914386165743298372891654489256731934678125718425963256139847
658149237917235468243678159495367812186592743732814596569721384371486925824953671
372681594591724368486935721124359687837246159965817243743592816218463975659178432
482597361695312847713486295574231986139768452268954713821679534346825179957143628
168495372927683145435271869541329786673548921892167453754912638389756214216834597
482713956563289417179654238695827143834196725721345869316972584247538691958461372
251964873896327451473518269732496518945182637618753942369875124127649385584231796
734156829618972435925384716286419357351827694497635182862791543573248961149563278
178632945465791328239845716981473562726519483354286179893164257642357891517928634
978634215316529748254187936831752694597416823642893571129365487763248159485971362
712463985368529417495817236236791854947258361851346792623975148179684523584132679
261485397473961825589327416195832674832674159647159283754213968316798542928546731
619483725834527691275961843548792316192635487367148259953874162781256934426319578
573829614289461537641573982764258193138697425925134876356912748817345269492786351
874153269561892734392674851653741928427968315189325647216489573738516492945237186
527496318964318725183527469245963187738142596691785234352879641479631852816254973
762589143389142657514367289248973516671425398935618472893254761157836924426791835
354869721769124853281537964927645318548213679136978245692481537813756492475392186
926387145458162937731594862365978421847215396219643578584736219173829654692451783
913758462427639518685214739274896153569123874831547296192385647356472981748961325
143527896829463571765198342684319725351274689297856413572641938418935267936782154
156847932394261587827359641412693758735182496689475213541728369263914875978536124
961875243723694581458213769587436912249187635136529478694358127872941356315762894
584931726671245983932786145769418532413652879258379461397124658846593217125867394
751684392938215476462793518875126934346957281219348657697431825524879163183562749
629437518174825693385619274862954731931278465547361982418792356293586147756143829
286437591497851263531269874172548936659123487843796152715682349324975618968314725
673952418894163752521874936736589124489621375215347869952718643168435297347296581
968174235124635978537892461485269317293751684716348592672583149359417826841926753
625948173814673925397512684563729418981354267472186359738291546159467832246835791
218549673439276158675318492162897534394165287587423916953684721726931845841752369
865912473473685912219734685731569248624873591598241736942158367387426159156397824
369524187874136295125798346541382679936417852287965431658273914413659728792841563
813765429452913768769842513627391845345687192981524637596138274174259386238476951
746193852238564719951782634589436271427819365163275948372941586694358127815627493
726134895853927164194568732349782516281456973675391428432819657518673249967245381
591247386234689751876315429687491235412538697953726148725863914148972563369154872
198735246372648159546219378683451792421397685759862413965173824837524961214986537
974861325568293417321475689835619274692754831147382596753148962486927153219536748
345261789896547213127893546984756321671432895532189674269374158418625937753918462
239867415851492763647315982518749236923586147764123859192654378475938621386271594
649785123237961485581234697824613759165897234793542861912458376358176942476329518
273519468659248371841637592917856243428391657365472819134985726782164935596723184
928671543174935826365482179742519638681347952593826714417268395256193487839754261
498627513623951847157438962586793124231564789749182356864375291975216438312849675
671384592823591746594726831942813657316975284758642319239168475487259163165437928
257468913436197285918253647741632598392875461865914732184726359623589174579341826
453219687897654123126738945538196472714823596962475831381967254245381769679542318
571428693643519278928736541192643857435287916786951324257364189864195732319872465
578231469319674582462985731925367814743518926186429357237846195654193278891752643
469185732312974856578362194794638521681257943253491687146829375837546219925713468
937864152621375489854192367216948573495237618783651294149726835578413926362589741
492531687387296514615847923739418256164925738258673491921784365573162849846359172
432659817958471326167823459395248671871936245624517938583162794216794583749385162
645912378382754961197863425918625743273489516564371289429136857731548692856297134
829674153573821496614359827785946312936215748142783569467598231291437685358162974
743928165298615473561437829679842351325169784184753692837291546412586937956374218
418923576395167482762458931581239647634785219927614358873596124146372895259841763
617485329823961574459723861274136958385249716196578432942657183568314297731892645
376495128258317946149628537423769815987154263561283479814536792692871354735942681
871546923935182674426937581298361745354279168167458392749813256512694837683725419
839512647762384195415976382354821976628749513971635824246158739583297461197463258
316948752758213649942567831523896417864751293179432586231685974487129365695374128
631495782478326915529187643794813256215769438386542197867951324142638579953274861
497628315358791426162543978629857143531469782874132659943275861715386294286914537
948275163723619845615483792169732584582194376374856219291367458457928631836541927
581397642749162358632548197493286571168753924275914836954621783326879415817435269
387569421625471983194382567846153279531297846972846315219638754758914632463725198
165374982973812564284659137847591326692783415531426798328947651456138279719265843
614529378823417695579368241968175423137246589452983167781654932345792816296831754
796823514358416729142975368437152896825694137961387452613749285579238641284561973
197246583345819726286753491739468152514927638862531947428175369651392874973684215
279483516531769824684125973198354267756218349423697185867932451912546738345871692
647123859831594726529876341456312978198647532372985614265439187984751263713268495
718546239524893671693127845267415398459738126381962457135289764872654913946371582
873246591269851347415973826931784265654329178728165439197438652386592714542617983
931687524842953761756124839418769253523418976679235418264591387187342695395876142
976184235832956417154723869621845793587319624349672158468531972715298346293467581
861947253439825671725631498352419867648753129917268534583176942296384715174592386
372158694596437128184629537248976315631584279759213846863741952927365481415892763
819627543357149286624358719542986371186273954973514628765491832231865497498732165
826513497574289631193476258981764325345192786267835149738921564659347812412658973
971586342436729185258134796162458973785963421349217568693871254517642839824395617
472369158358127946916854237197632485635481792824975613243596871789213564561748329
912576483487329156356841729893712645745638912261495837524167398178953264639284571
698427531357619248421538796963751824174286953285943617746192385819375462532864179
453817692786249351291563487967382514518694723324751869679428135145936278832175946
543628971178394652926715843637251489291847536854936127785163294469572318312489765
284367591973815264651924378438196725169572483527438916312649857896753142745281639
895634721142875639367219485481326597576981342239547168718493256953162874624758913
265783419497162538813594267624837951539421786781659324348276195976315842152948673
481293765356781492279456183534972618967815324128364957713628549692547831845139276
873524916241369758965871342159246837732158469684937521527683194416795283398412675
146573982387296145529148763691427358458639217273851694862715439914382576735964821
982614537635879421741253896827541963164938752359726184276495318493182675518367249
981526374756934182243781659412657938369218745875349216127895463534162897698473521
567812349231954876498367215624583791319476582875129463182795634946238157753641928
492387561763152894158694273239718645647523189581946327914865732875239416326471958
549316872632987451817524639478295316253461987196738245984152763365879124721643598
723986451568421739941573286217365894384219567695748123156837942479652318832194675
521486379897315426643972518376128945958743162412659783139864257264597831785231694
398725641527461398461398572682917435139654827745832169213549786856273914974186253
384925716796148253512736894973452168425681379861397542139874625247563981658219437
714985632365217984829346517197462358256873149438159726542691873673528491981734265
431652897592873461678419523763598214814267359925134786287946135149385672356721948
562348197917265843384791256731652489658479312249183675876924531125837964493516728
574826319823917654196354278359261847217438596648579123481695732762143985935782461
876342519139576824542189673397425168681937452425618937253891746964753281718264395
874612593195843276263975841418739625637521489529486317786394152342157968951268734
746395182529184637831762549967548213283917456154623978312856794475239861698471325
543918267618723459729546831396481725274359618851267394967835142182694573435172986
648132795129765843573498216354617982916284537287953461792346158435821679861579324
527631489691487352834952176369824517758193624412576938976215843285349761143768295
784136925629578413531942786153784269492653178867219534978325641316497852245861397
217854936845369172639271548481692753562137489793485621978513264126748395354926817
486759132135246798729183645572418369964327851318695274651932487843571926297864513
473528916921463857658917432214875693795346281386192574569734128847251369132689745
691327548253849617487156329368594271529781436174632895946215783815473962732968154
289456371513287694674319582392761845851943267746528139467132958928675413135894726
238456719679281534154397862782639451395174286461528397847913625516842973923765148
